3
== OpenMP with 10 threads
n:     4095
p:     0.05
Time:  5.04829
Check: 4149
3
== OpenMP with 10 threads
n:     4096
p:     0.05
Time:  5.33277
Check: 6B72
3
== OpenMP with 10 threads
n:     4097
p:     0.05
Time:  5.31248
Check: 14F1
