3
== OpenMP with 11 threads
n:     4095
p:     0.05
Time:  5.06776
Check: 4149
3
== OpenMP with 11 threads
n:     4096
p:     0.05
Time:  6.87709
Check: 6B72
3
== OpenMP with 11 threads
n:     4097
p:     0.05
Time:  5.07218
Check: 14F1
