3
== OpenMP with 12 threads
n:     4095
p:     0.05
Time:  4.42794
Check: 4149
3
== OpenMP with 12 threads
n:     4096
p:     0.05
Time:  6.08966
Check: 6B72
3
== OpenMP with 12 threads
n:     4097
p:     0.05
Time:  5.70307
Check: 14F1
