3
== OpenMP with 13 threads
n:     4095
p:     0.05
Time:  6.06343
Check: 4149
3
== OpenMP with 13 threads
n:     4096
p:     0.05
Time:  5.94532
Check: 6B72
3
== OpenMP with 13 threads
n:     4097
p:     0.05
Time:  6.01751
Check: 14F1
