3
== OpenMP with 14 threads
n:     4095
p:     0.05
Time:  5.21128
Check: 4149
3
== OpenMP with 14 threads
n:     4096
p:     0.05
Time:  5.80897
Check: 6B72
3
== OpenMP with 14 threads
n:     4097
p:     0.05
Time:  5.6113
Check: 14F1
