3
== OpenMP with 15 threads
n:     4095
p:     0.05
Time:  6.04698
Check: 4149
3
== OpenMP with 15 threads
n:     4096
p:     0.05
Time:  5.80704
Check: 6B72
3
== OpenMP with 15 threads
n:     4097
p:     0.05
Time:  5.77042
Check: 14F1
