3
== OpenMP with 16 threads
n:     4095
p:     0.05
Time:  5.4562
Check: 4149
3
== OpenMP with 16 threads
n:     4096
p:     0.05
Time:  5.44305
Check: 6B72
3
== OpenMP with 16 threads
n:     4097
p:     0.05
Time:  5.44492
Check: 14F1
