3
== OpenMP with 17 threads
n:     4095
p:     0.05
Time:  5.13175
Check: 4149
3
== OpenMP with 17 threads
n:     4096
p:     0.05
Time:  5.69664
Check: 6B72
3
== OpenMP with 17 threads
n:     4097
p:     0.05
Time:  5.5962
Check: 14F1
