3
== OpenMP with 19 threads
n:     4095
p:     0.05
Time:  5.04881
Check: 4149
3
== OpenMP with 19 threads
n:     4096
p:     0.05
Time:  4.77849
Check: 6B72
3
== OpenMP with 19 threads
n:     4097
p:     0.05
Time:  5.04788
Check: 14F1
