3
== OpenMP with 20 threads
n:     4095
p:     0.05
Time:  4.61073
Check: 4149
3
== OpenMP with 20 threads
n:     4096
p:     0.05
Time:  4.68563
Check: 6B72
3
== OpenMP with 20 threads
n:     4097
p:     0.05
Time:  4.98557
Check: 14F1
