3
== OpenMP with 21 threads
n:     4095
p:     0.05
Time:  4.60872
Check: 4149
3
== OpenMP with 21 threads
n:     4096
p:     0.05
Time:  4.88158
Check: 6B72
3
== OpenMP with 21 threads
n:     4097
p:     0.05
Time:  4.61158
Check: 14F1
