3
== OpenMP with 22 threads
n:     4095
p:     0.05
Time:  4.49258
Check: 4149
3
== OpenMP with 22 threads
n:     4096
p:     0.05
Time:  4.33312
Check: 6B72
3
== OpenMP with 22 threads
n:     4097
p:     0.05
Time:  4.70062
Check: 14F1
