3
== OpenMP with 6 threads
n:     4095
p:     0.05
Time:  7.70412
Check: 4149
3
== OpenMP with 6 threads
n:     4096
p:     0.05
Time:  7.36098
Check: 6B72
3
== OpenMP with 6 threads
n:     4097
p:     0.05
Time:  7.73233
Check: 14F1
