3
== OpenMP with 9 threads
n:     4095
p:     0.05
Time:  5.79726
Check: 4149
3
== OpenMP with 9 threads
n:     4096
p:     0.05
Time:  5.41626
Check: 6B72
3
== OpenMP with 9 threads
n:     4097
p:     0.05
Time:  5.69662
Check: 14F1
